list(k=5.00000E+00, B=2.00000E+02, b0=2.00000E+01, m=2.00000E+00, b=c(1.10000E+01, 1.90000E+01), g=1.50000E+01, ai=c(6.00000E+00, 8.00000E+00, 9.00000E+00, 1.00000E+01, 1.10000E+01, 1.20000E+01, 1.30000E+01, 1.50000E+01, 1.60000E+01, 1.80000E+01, 1.90000E+01, 2.00000E+01, 2.30000E+01, 2.60000E+01, 2.80000E+01), y=c(4.59770E-02, 7.47126E-02, 8.62069E-02, 9.19540E-02, 1.49425E-01, 7.47126E-02, 3.44828E-02, 5.74713E-02, 4.02299E-02, 5.17241E-02, 1.09195E-01, 6.32184E-02, 4.59770E-02, 2.87356E-02, 4.59770E-02))
