structure(list(X = c(8.77908029127866, 4.18182956287637, 9.4047607271932, 
3.92545389942825, 8.83199637522921, 2.27981132688001, 5.49211285542697, 
0.756955484393984, 7.95593287795782, 6.7812784994021, 3.25462967157364, 
1.31825801683590, 3.88622092548758, 0.514584572520107, 8.52276352001354
), Y = c(7.80916755705254, 7.3295835626354, 7.86833769981508, 
1.11998832754648, 8.1836764289658, 5.05411827460653, 6.47894119177653, 
2.10031420545067, 9.0588910490849, 2.69113042382683, 6.04496507870445, 
1.45977004482366, 3.08120891108003, -3.07808149086279, 14.2443057482496
)), .Names = c("X", "Y"), row.names = c("1", "2", "3", "4", "5", 
"6", "7", "8", "9", "10", "11", "12", "13", "14", "15"), class = "data.frame")
