list(M=5.00000E+02, S=5.00000E+03, R=5.00000E+00, eps=1.00000E-03)
