list(n=5.00000E+01, x=c(4.00000E+00, 4.00000E+00, 7.00000E+00, 7.00000E+00, 8.00000E+00, 9.00000E+00, 1.00000E+01, 1.00000E+01, 1.00000E+01, 1.10000E+01, 1.10000E+01, 1.20000E+01, 1.20000E+01, 1.20000E+01, 1.20000E+01, 1.30000E+01, 1.30000E+01, 1.30000E+01, 1.30000E+01, 1.40000E+01, 1.40000E+01, 1.40000E+01, 1.40000E+01, 1.50000E+01, 1.50000E+01, 1.50000E+01, 1.60000E+01, 1.60000E+01, 1.70000E+01, 1.70000E+01, 1.70000E+01, 1.80000E+01, 1.80000E+01, 1.80000E+01, 1.80000E+01, 1.90000E+01, 1.90000E+01, 1.90000E+01, 2.00000E+01, 2.00000E+01, 2.00000E+01, 2.00000E+01, 2.00000E+01, 2.20000E+01, 2.30000E+01, 2.40000E+01, 2.40000E+01, 2.40000E+01, 2.40000E+01, 2.50000E+01), y=c(2.00000E+00, 1.00000E+01, 4.00000E+00, 2.20000E+01, 1.60000E+01, 1.00000E+01, 1.80000E+01, 2.60000E+01, 3.40000E+01, 1.70000E+01, 2.80000E+01, 1.40000E+01, 2.00000E+01, 2.40000E+01, 2.80000E+01, 2.60000E+01, 3.40000E+01, 3.40000E+01, 4.60000E+01, 2.60000E+01, 3.60000E+01, 6.00000E+01, 8.00000E+01, 2.00000E+01, 2.60000E+01, 5.40000E+01, 3.20000E+01, 4.00000E+01, 3.20000E+01, 4.00000E+01, 5.00000E+01, 4.20000E+01, 5.60000E+01, 7.60000E+01, 8.40000E+01, 3.60000E+01, 4.60000E+01, 6.80000E+01, 3.20000E+01, 4.80000E+01, 5.20000E+01, 5.60000E+01, 6.40000E+01, 6.60000E+01, 5.40000E+01, 7.00000E+01, 9.20000E+01, 9.30000E+01, 1.20000E+02, 8.50000E+01))
