list(n=1.50000E+01, x=c(8.77908E+00, 4.18183E+00, 9.40476E+00, 3.92545E+00, 8.83200E+00, 2.27981E+00, 5.49211E+00, 7.56955E-01, 7.95593E+00, 6.78128E+00, 3.25463E+00, 1.31826E+00, 3.88622E+00, 5.14585E-01, 8.52276E+00), y=c(7.80917E+00, 7.32958E+00, 7.86834E+00, 1.11999E+00, 8.18368E+00, 5.05412E+00, 6.47894E+00, 2.10031E+00, 9.05889E+00, 2.69113E+00, 6.04497E+00, 1.45977E+00, 3.08121E+00, -3.07808E+00, 1.42443E+01))
